<svg width="993" height="498" viewBox="0 0 993 498" fill="none" xmlns="http://www.w3.org/2000/svg">
<path d="M144.619 124H344.619C344.619 97.4784 360.423 72.043 388.553 53.2893C416.684 34.5357 454.837 24 494.619 24C534.402 24 572.555 34.5357 600.685 53.2893C628.816 72.043 644.619 97.4784 644.619 124H844.619V149.5C864.511 149.5 892.097 152 915.619 163.5C938.119 174.5 962.119 203.5 968.119 241.5C972.119 288 956.135 312.5 938.119 333C912.195 362.5 864.511 369 844.619 369V474H144.619" stroke="#D35400" stroke-width="48" stroke-linejoin="round"/>
<path d="M144.619 124H344.619C344.619 97.4784 360.423 72.043 388.553 53.2893C416.684 34.5357 454.837 24 494.619 24C534.402 24 572.555 34.5357 600.685 53.2893C628.816 72.043 644.619 97.4784 644.619 124H844.619V148.5C893.619 148.5 920.145 161.526 936.619 178C947.119 188.5 970.119 219.848 970.119 253C970.119 299 950.227 320.5 936.619 335C906.119 367.5 864.511 368.5 844.619 368.5V474H144.619" stroke="#E67E22" stroke-width="40" stroke-linejoin="round"/>
<path d="M146.619 126H346.619C346.619 99.4784 362.423 74.043 390.553 55.2893C418.684 36.5357 456.837 26 496.619 26C536.402 26 574.555 36.5357 602.685 55.2893C630.816 74.043 646.619 99.4784 646.619 126H846.619V147C866.511 147 901.119 154 927.119 173.5C942.119 184.75 963.619 205 966.619 244C970.619 296 954.119 315.938 927.119 339C903.119 359.5 866.511 366 846.619 366V476H146.619" stroke="#B33939" stroke-width="18" stroke-linecap="round"/>
<path d="M144.619 124H344.619C344.619 97.4784 360.423 72.043 388.553 53.2893C416.684 34.5357 454.837 24 494.619 24C534.402 24 572.555 34.5357 600.685 53.2893C628.816 72.043 644.619 97.4784 644.619 124H844.619V151C864.511 151 896.152 155.5 918.119 171.5C944.119 190.438 964.619 215 964.619 252C964.619 307 940.966 326.484 913.119 344C882.119 363.5 864.511 363.5 844.619 363.5V474H144.619" stroke="#F1C40F" stroke-width="16" stroke-linecap="round"/>
<path d="M141.619 121H341.619C341.619 94.4784 357.423 69.043 385.553 50.2893C413.684 31.5357 451.837 21 491.619 21C531.402 21 569.555 31.5357 597.685 50.2893C625.816 69.043 641.619 94.4784 641.619 121H841.619V147C861.511 147 908.516 169.621 929.619 187C946.619 201 961.119 214.5 964.619 252.5C960.119 298.5 946.619 311 925.119 333C911.054 356.442 861.511 364 841.619 364V471H141.619" stroke="white" stroke-opacity="0.6" stroke-width="6" stroke-linecap="round"/>
<path d="M344.619 124C344.619 97.4784 360.423 72.043 388.553 53.2893C416.684 34.5357 454.837 24 494.619 24C534.402 24 572.555 34.5357 600.685 53.2893C628.816 72.043 644.619 97.4784 644.619 124H344.619Z" fill="url(#paint0_radial_4_454)" stroke="#DC2626" stroke-width="12" stroke-linejoin="round"/>
<path d="M844.619 124H144.619V474H844.619V124Z" fill="black" stroke="#DC2626" stroke-width="12" stroke-linejoin="round"/>
<path d="M141.619 121H341.619C341.619 94.4784 357.423 69.043 385.553 50.2893C413.684 31.5357 451.837 21 491.619 21C531.402 21 569.555 31.5357 597.685 50.2893C625.816 69.043 641.619 94.4784 641.619 121H841.619V147C861.511 147 908.516 169.621 929.619 187C946.619 201 961.119 214.5 964.619 252.5C960.119 298.5 946.619 311 925.119 333C911.054 356.442 861.511 364 841.619 364V471H141.619" stroke="white" stroke-opacity="0.6" stroke-width="6" stroke-linecap="round"/>
<path d="M144.619 124H344.619C344.619 97.4784 360.423 72.043 388.553 53.2893C416.684 34.5357 454.837 24 494.619 24C534.402 24 572.555 34.5357 600.685 53.2893C628.816 72.043 644.619 97.4784 644.619 124H844.619V148.5C893.619 148.5 920.145 161.526 936.619 178C947.119 188.5 970.119 219.848 970.119 253C970.119 299 950.227 320.5 936.619 335C906.119 367.5 864.511 368.5 844.619 368.5V474H144.619" stroke="#E67E22" stroke-width="40" stroke-linejoin="round"/>
<path d="M144.619 124H344.619C344.619 97.4784 360.423 72.043 388.553 53.2893C416.684 34.5357 454.837 24 494.619 24C534.402 24 572.555 34.5357 600.685 53.2893C628.816 72.043 644.619 97.4784 644.619 124H844.619V149.5C864.511 149.5 892.097 152 915.619 163.5C938.119 174.5 962.119 203.5 968.119 241.5C972.119 288 956.135 312.5 938.119 333C912.195 362.5 864.511 369 844.619 369V474H144.619" stroke="#D35400" stroke-width="48" stroke-linejoin="round"/>
<path d="M144.619 124H344.619C344.619 97.4784 360.423 72.043 388.553 53.2893C416.684 34.5357 454.837 24 494.619 24C534.402 24 572.555 34.5357 600.685 53.2893C628.816 72.043 644.619 97.4784 644.619 124H844.619V151C864.511 151 896.152 155.5 918.119 171.5C944.119 190.438 964.619 215 964.619 252C964.619 307 940.966 326.484 913.119 344C882.119 363.5 864.511 363.5 844.619 363.5V474H144.619" stroke="#F1C40F" stroke-width="16" stroke-linecap="round"/>
<path d="M146.619 126H346.619C346.619 99.4784 362.423 74.043 390.553 55.2893C418.684 36.5357 456.837 26 496.619 26C536.402 26 574.555 36.5357 602.685 55.2893C630.816 74.043 646.619 99.4784 646.619 126H846.619V147C866.511 147 901.119 154 927.119 173.5C942.119 184.75 963.619 205 966.619 244C970.619 296 954.119 315.938 927.119 339C903.119 359.5 866.511 366 846.619 366V476H146.619" stroke="#B33939" stroke-width="18" stroke-linecap="round"/>
<path d="M845.119 150.5C876.68 150.5 906.948 161.721 929.265 181.693C951.582 201.666 964.119 228.754 964.119 257C964.119 285.246 951.582 312.334 929.265 332.307C906.948 352.279 876.68 363.5 845.119 363.5V150.5Z" fill="url(#paint1_radial_4_454)" stroke="#DC2626" stroke-width="12" stroke-linejoin="round"/>
<path d="M845.119 150.5C876.68 150.5 906.948 161.721 929.265 181.693C951.582 201.666 964.119 228.754 964.119 257C964.119 285.246 951.582 312.334 929.265 332.307C906.948 352.279 876.68 363.5 845.119 363.5V150.5Z" fill="url(#paint2_radial_4_454)" stroke="#DC2626" stroke-width="12" stroke-linejoin="round"/>
<path d="M344.619 124C344.619 97.4784 360.423 72.043 388.553 53.2893C416.684 34.5357 454.837 24 494.619 24C534.402 24 572.555 34.5357 600.685 53.2893C628.816 72.043 644.619 97.4784 644.619 124H344.619Z" fill="url(#paint3_radial_4_454)" stroke="#DC2626" stroke-width="12" stroke-linejoin="round"/>
<path d="M844.619 124H144.619V474H844.619V124Z" fill="black" stroke="#DC2626" stroke-width="12" stroke-linejoin="round"/>
<path d="M848.119 124H648.119C648.119 97.4784 632.316 72.043 604.185 53.2893C576.055 34.5357 537.902 24 498.119 24C458.337 24 420.184 34.5357 392.053 53.2893C363.923 72.043 348.119 97.4784 348.119 124H148.119V149.5C128.228 149.5 100.642 152 77.1194 163.5C54.6194 174.5 30.6194 203.5 24.6194 241.5C20.6194 288 36.6042 312.5 54.6194 333C80.5436 362.5 128.228 369 148.119 369V474H848.119" stroke="#D35400" stroke-width="48" stroke-linejoin="round"/>
<path d="M848.119 124H648.119C648.119 97.4784 632.316 72.043 604.185 53.2893C576.055 34.5357 537.902 24 498.119 24C458.337 24 420.184 34.5357 392.053 53.2893C363.923 72.043 348.119 97.4784 348.119 124H148.119V148.5C99.1194 148.5 72.5938 161.526 56.1194 178C45.6194 188.5 22.6194 219.848 22.6194 253C22.6194 299 42.5117 320.5 56.1194 335C86.6194 367.5 128.228 368.5 148.119 368.5V474H848.119" stroke="#E67E22" stroke-width="40" stroke-linejoin="round"/>
<path d="M846.119 126H646.119C646.119 99.4784 630.316 74.043 602.185 55.2893C574.055 36.5357 535.902 26 496.119 26C456.337 26 418.184 36.5357 390.053 55.2893C361.923 74.043 346.119 99.4784 346.119 126H146.119V147C126.228 147 91.6194 154 65.6194 173.5C50.6194 184.75 29.1194 205 26.1194 244C22.1194 296 38.6194 315.938 65.6194 339C89.6194 359.5 126.228 366 146.119 366V476H846.119" stroke="#B33939" stroke-width="18" stroke-linecap="round"/>
<path d="M848.119 124H648.119C648.119 97.4784 632.316 72.043 604.185 53.2893C576.055 34.5357 537.902 24 498.119 24C458.337 24 420.184 34.5357 392.053 53.2893C363.923 72.043 348.119 97.4784 348.119 124H148.119V151C128.228 151 96.5864 155.5 74.6194 171.5C48.6194 190.438 28.1194 215 28.1194 252C28.1194 307 51.7729 326.484 79.6194 344C110.619 363.5 128.228 363.5 148.119 363.5V474H848.119" stroke="#F1C40F" stroke-width="16" stroke-linecap="round"/>
<path d="M851.119 121H651.119C651.119 94.4784 635.316 69.043 607.185 50.2893C579.055 31.5357 540.902 21 501.119 21C461.337 21 423.184 31.5357 395.053 50.2893C366.923 69.043 351.119 94.4784 351.119 121H151.119V147C131.228 147 84.2223 169.621 63.1194 187C46.1194 201 31.6194 214.5 28.1194 252.5C32.6194 298.5 46.1194 311 67.6194 333C81.6846 356.442 131.228 364 151.119 364V471H851.119" stroke="white" stroke-opacity="0.6" stroke-width="6" stroke-linecap="round"/>
<path d="M648.119 124C648.119 97.4784 632.316 72.043 604.185 53.2893C576.055 34.5357 537.902 24 498.119 24C458.337 24 420.184 34.5357 392.053 53.2893C363.923 72.043 348.119 97.4784 348.119 124H648.119Z" fill="url(#paint4_radial_4_454)" stroke="#DC2626" stroke-width="12" stroke-linejoin="round"/>
<path d="M148.119 124H848.119V474H148.119V124Z" fill="black" stroke="#DC2626" stroke-width="12" stroke-linejoin="round"/>
<path d="M851.119 121H651.119C651.119 94.4784 635.316 69.043 607.185 50.2893C579.055 31.5357 540.902 21 501.119 21C461.337 21 423.184 31.5357 395.053 50.2893C366.923 69.043 351.119 94.4784 351.119 121H151.119V147C131.228 147 84.2223 169.621 63.1194 187C46.1194 201 31.6194 214.5 28.1194 252.5C32.6194 298.5 46.1194 311 67.6194 333C81.6846 356.442 131.228 364 151.119 364V471H851.119" stroke="white" stroke-opacity="0.6" stroke-width="6" stroke-linecap="round"/>
<path d="M848.119 124H648.119C648.119 97.4784 632.316 72.043 604.185 53.2893C576.055 34.5357 537.902 24 498.119 24C458.337 24 420.184 34.5357 392.053 53.2893C363.923 72.043 348.119 97.4784 348.119 124H148.119V148.5C99.1194 148.5 72.5938 161.526 56.1194 178C45.6194 188.5 22.6194 219.848 22.6194 253C22.6194 299 42.5117 320.5 56.1194 335C86.6194 367.5 128.228 368.5 148.119 368.5V474H848.119" stroke="#E67E22" stroke-width="40" stroke-linejoin="round"/>
<path d="M848.119 124H648.119C648.119 97.4784 632.316 72.043 604.185 53.2893C576.055 34.5357 537.902 24 498.119 24C458.337 24 420.184 34.5357 392.053 53.2893C363.923 72.043 348.119 97.4784 348.119 124H148.119V149.5C128.228 149.5 100.642 152 77.1194 163.5C54.6194 174.5 30.6194 203.5 24.6194 241.5C20.6194 288 36.6042 312.5 54.6194 333C80.5436 362.5 128.228 369 148.119 369V474H848.119" stroke="#D35400" stroke-width="48" stroke-linejoin="round"/>
<path d="M848.119 124H648.119C648.119 97.4784 632.316 72.043 604.185 53.2893C576.055 34.5357 537.902 24 498.119 24C458.337 24 420.184 34.5357 392.053 53.2893C363.923 72.043 348.119 97.4784 348.119 124H148.119V151C128.228 151 96.5864 155.5 74.6194 171.5C48.6194 190.438 28.1194 215 28.1194 252C28.1194 307 51.7729 326.484 79.6194 344C110.619 363.5 128.228 363.5 148.119 363.5V474H848.119" stroke="#F1C40F" stroke-width="16" stroke-linecap="round"/>
<path d="M846.119 126H646.119C646.119 99.4784 630.316 74.043 602.185 55.2893C574.055 36.5357 535.902 26 496.119 26C456.337 26 418.184 36.5357 390.053 55.2893C361.923 74.043 346.119 99.4784 346.119 126H146.119V147C126.228 147 91.6194 154 65.6194 173.5C50.6194 184.75 29.1194 205 26.1194 244C22.1194 296 38.6194 315.938 65.6194 339C89.6194 359.5 126.228 366 146.119 366V476H846.119" stroke="#B33939" stroke-width="18" stroke-linecap="round"/>
<path d="M147.619 150.5C116.059 150.5 85.7905 161.721 63.4737 181.693C41.1568 201.666 28.6194 228.754 28.6194 257C28.6194 285.246 41.1568 312.334 63.4737 332.307C85.7905 352.279 116.059 363.5 147.619 363.5V150.5Z" fill="url(#paint5_radial_4_454)" stroke="#DC2626" stroke-width="12" stroke-linejoin="round"/>
<path d="M147.619 150.5C116.059 150.5 85.7905 161.721 63.4737 181.693C41.1568 201.666 28.6194 228.754 28.6194 257C28.6194 285.246 41.1568 312.334 63.4737 332.307C85.7905 352.279 116.059 363.5 147.619 363.5V150.5Z" fill="url(#paint6_radial_4_454)" stroke="#DC2626" stroke-width="12" stroke-linejoin="round"/>
<path d="M648.119 124C648.119 97.4784 632.316 72.043 604.185 53.2893C576.055 34.5357 537.902 24 498.119 24C458.337 24 420.184 34.5357 392.053 53.2893C363.923 72.043 348.119 97.4784 348.119 124H648.119Z" fill="url(#paint7_radial_4_454)" stroke="#DC2626" stroke-width="12" stroke-linejoin="round"/>
<path d="M148.119 124H848.119V474H148.119V124Z" fill="black" stroke="#DC2626" stroke-width="12" stroke-linejoin="round"/>
<path d="M852.007 470.812C858.28 470.813 863.369 475.945 863.369 482.281C863.369 488.617 858.28 493.75 852.007 493.75C845.733 493.75 840.644 488.617 840.644 482.281C840.644 475.945 845.733 470.812 852.007 470.812Z" fill="#655937" stroke="black" stroke-width="0.5"/>
<path d="M851.233 469.25C857.506 469.25 862.595 474.383 862.595 480.719C862.595 487.055 857.506 492.187 851.233 492.188C844.959 492.188 839.869 487.055 839.869 480.719C839.869 474.383 844.959 469.25 851.233 469.25Z" fill="url(#paint8_linear_4_454)" stroke="black" stroke-width="0.5"/>
<path d="M818.007 470.812C824.28 470.813 829.369 475.945 829.369 482.281C829.369 488.617 824.28 493.75 818.007 493.75C811.733 493.75 806.644 488.617 806.644 482.281C806.644 475.945 811.733 470.812 818.007 470.812Z" fill="#655937" stroke="black" stroke-width="0.5"/>
<path d="M817.233 469.25C823.506 469.25 828.595 474.383 828.595 480.719C828.595 487.055 823.506 492.187 817.233 492.188C810.959 492.188 805.869 487.055 805.869 480.719C805.869 474.383 810.959 469.25 817.233 469.25Z" fill="url(#paint9_linear_4_454)" stroke="black" stroke-width="0.5"/>
<path d="M818.007 470.812C824.28 470.813 829.369 475.945 829.369 482.281C829.369 488.617 824.28 493.75 818.007 493.75C811.733 493.75 806.644 488.617 806.644 482.281C806.644 475.945 811.733 470.812 818.007 470.812Z" fill="#655937" stroke="black" stroke-width="0.5"/>
<path d="M817.233 469.25C823.506 469.25 828.595 474.383 828.595 480.719C828.595 487.055 823.506 492.187 817.233 492.188C810.959 492.188 805.869 487.055 805.869 480.719C805.869 474.383 810.959 469.25 817.233 469.25Z" fill="url(#paint10_linear_4_454)" stroke="black" stroke-width="0.5"/>
<path d="M784.007 470.812C790.28 470.813 795.369 475.945 795.369 482.281C795.369 488.617 790.28 493.75 784.007 493.75C777.733 493.75 772.644 488.617 772.644 482.281C772.644 475.945 777.733 470.812 784.007 470.812Z" fill="#655937" stroke="black" stroke-width="0.5"/>
<path d="M783.233 469.25C789.506 469.25 794.595 474.383 794.595 480.719C794.595 487.055 789.506 492.187 783.233 492.188C776.959 492.188 771.869 487.055 771.869 480.719C771.869 474.383 776.959 469.25 783.233 469.25Z" fill="url(#paint11_linear_4_454)" stroke="black" stroke-width="0.5"/>
<path d="M784.007 470.812C790.28 470.813 795.369 475.945 795.369 482.281C795.369 488.617 790.28 493.75 784.007 493.75C777.733 493.75 772.644 488.617 772.644 482.281C772.644 475.945 777.733 470.812 784.007 470.812Z" fill="#655937" stroke="black" stroke-width="0.5"/>
<path d="M783.233 469.25C789.506 469.25 794.595 474.383 794.595 480.719C794.595 487.055 789.506 492.187 783.233 492.188C776.959 492.188 771.869 487.055 771.869 480.719C771.869 474.383 776.959 469.25 783.233 469.25Z" fill="url(#paint12_linear_4_454)" stroke="black" stroke-width="0.5"/>
<path d="M750.007 470.812C756.28 470.813 761.369 475.945 761.369 482.281C761.369 488.617 756.28 493.75 750.007 493.75C743.733 493.75 738.644 488.617 738.644 482.281C738.644 475.945 743.733 470.812 750.007 470.812Z" fill="#655937" stroke="black" stroke-width="0.5"/>
<path d="M749.233 469.25C755.506 469.25 760.595 474.383 760.595 480.719C760.595 487.055 755.506 492.187 749.233 492.188C742.959 492.188 737.869 487.055 737.869 480.719C737.869 474.383 742.959 469.25 749.233 469.25Z" fill="url(#paint13_linear_4_454)" stroke="black" stroke-width="0.5"/>
<path d="M750.007 470.812C756.28 470.813 761.369 475.945 761.369 482.281C761.369 488.617 756.28 493.75 750.007 493.75C743.733 493.75 738.644 488.617 738.644 482.281C738.644 475.945 743.733 470.812 750.007 470.812Z" fill="#655937" stroke="black" stroke-width="0.5"/>
<path d="M749.233 469.25C755.506 469.25 760.595 474.383 760.595 480.719C760.595 487.055 755.506 492.187 749.233 492.188C742.959 492.188 737.869 487.055 737.869 480.719C737.869 474.383 742.959 469.25 749.233 469.25Z" fill="url(#paint14_linear_4_454)" stroke="black" stroke-width="0.5"/>
<path d="M716.007 470.812C722.28 470.813 727.369 475.945 727.369 482.281C727.369 488.617 722.28 493.75 716.007 493.75C709.733 493.75 704.644 488.617 704.644 482.281C704.644 475.945 709.733 470.812 716.007 470.812Z" fill="#655937" stroke="black" stroke-width="0.5"/>
<path d="M715.233 469.25C721.506 469.25 726.595 474.383 726.595 480.719C726.595 487.055 721.506 492.187 715.233 492.188C708.959 492.188 703.869 487.055 703.869 480.719C703.869 474.383 708.959 469.25 715.233 469.25Z" fill="url(#paint15_linear_4_454)" stroke="black" stroke-width="0.5"/>
<path d="M682.007 470.812C688.28 470.813 693.369 475.945 693.369 482.281C693.369 488.617 688.28 493.75 682.007 493.75C675.733 493.75 670.644 488.617 670.644 482.281C670.644 475.945 675.733 470.812 682.007 470.812Z" fill="#655937" stroke="black" stroke-width="0.5"/>
<path d="M681.233 469.25C687.506 469.25 692.595 474.383 692.595 480.719C692.595 487.055 687.506 492.187 681.233 492.188C674.959 492.188 669.869 487.055 669.869 480.719C669.869 474.383 674.959 469.25 681.233 469.25Z" fill="url(#paint16_linear_4_454)" stroke="black" stroke-width="0.5"/>
<path d="M648.007 470.812C654.28 470.813 659.369 475.945 659.369 482.281C659.369 488.617 654.28 493.75 648.007 493.75C641.733 493.75 636.644 488.617 636.644 482.281C636.644 475.945 641.733 470.812 648.007 470.812Z" fill="#655937" stroke="black" stroke-width="0.5"/>
<path d="M647.233 469.25C653.506 469.25 658.595 474.383 658.595 480.719C658.595 487.055 653.506 492.187 647.233 492.188C640.959 492.188 635.869 487.055 635.869 480.719C635.869 474.383 640.959 469.25 647.233 469.25Z" fill="url(#paint17_linear_4_454)" stroke="black" stroke-width="0.5"/>
<path d="M648.007 470.812C654.28 470.813 659.369 475.945 659.369 482.281C659.369 488.617 654.28 493.75 648.007 493.75C641.733 493.75 636.644 488.617 636.644 482.281C636.644 475.945 641.733 470.812 648.007 470.812Z" fill="#655937" stroke="black" stroke-width="0.5"/>
<path d="M647.233 469.25C653.506 469.25 658.595 474.383 658.595 480.719C658.595 487.055 653.506 492.187 647.233 492.188C640.959 492.188 635.869 487.055 635.869 480.719C635.869 474.383 640.959 469.25 647.233 469.25Z" fill="url(#paint18_linear_4_454)" stroke="black" stroke-width="0.5"/>
<path d="M614.007 470.812C620.28 470.813 625.369 475.945 625.369 482.281C625.369 488.617 620.28 493.75 614.007 493.75C607.733 493.75 602.644 488.617 602.644 482.281C602.644 475.945 607.733 470.812 614.007 470.812Z" fill="#655937" stroke="black" stroke-width="0.5"/>
<path d="M613.233 469.25C619.506 469.25 624.595 474.383 624.595 480.719C624.595 487.055 619.506 492.187 613.233 492.188C606.959 492.188 601.869 487.055 601.869 480.719C601.869 474.383 606.959 469.25 613.233 469.25Z" fill="url(#paint19_linear_4_454)" stroke="black" stroke-width="0.5"/>
<path d="M580.007 470.812C586.28 470.813 591.369 475.945 591.369 482.281C591.369 488.617 586.28 493.75 580.007 493.75C573.733 493.75 568.644 488.617 568.644 482.281C568.644 475.945 573.733 470.812 580.007 470.812Z" fill="#655937" stroke="black" stroke-width="0.5"/>
<path d="M579.233 469.25C585.506 469.25 590.595 474.383 590.595 480.719C590.595 487.055 585.506 492.187 579.233 492.188C572.959 492.188 567.869 487.055 567.869 480.719C567.869 474.383 572.959 469.25 579.233 469.25Z" fill="url(#paint20_linear_4_454)" stroke="black" stroke-width="0.5"/>
<path d="M546.007 470.812C552.28 470.813 557.369 475.945 557.369 482.281C557.369 488.617 552.28 493.75 546.007 493.75C539.733 493.75 534.644 488.617 534.644 482.281C534.644 475.945 539.733 470.812 546.007 470.812Z" fill="#655937" stroke="black" stroke-width="0.5"/>
<path d="M545.233 469.25C551.506 469.25 556.595 474.383 556.595 480.719C556.595 487.055 551.506 492.187 545.233 492.188C538.959 492.188 533.869 487.055 533.869 480.719C533.869 474.383 538.959 469.25 545.233 469.25Z" fill="url(#paint21_linear_4_454)" stroke="black" stroke-width="0.5"/>
<path d="M512.007 470.812C518.28 470.813 523.369 475.945 523.369 482.281C523.369 488.617 518.28 493.75 512.007 493.75C505.733 493.75 500.644 488.617 500.644 482.281C500.644 475.945 505.733 470.812 512.007 470.812Z" fill="#655937" stroke="black" stroke-width="0.5"/>
<path d="M511.233 469.25C517.506 469.25 522.595 474.383 522.595 480.719C522.595 487.055 517.506 492.187 511.233 492.188C504.959 492.188 499.869 487.055 499.869 480.719C499.869 474.383 504.959 469.25 511.233 469.25Z" fill="url(#paint22_linear_4_454)" stroke="black" stroke-width="0.5"/>
<path d="M478.007 470.812C484.28 470.813 489.369 475.945 489.369 482.281C489.369 488.617 484.28 493.75 478.007 493.75C471.733 493.75 466.644 488.617 466.644 482.281C466.644 475.945 471.733 470.812 478.007 470.812Z" fill="#655937" stroke="black" stroke-width="0.5"/>
<path d="M477.233 469.25C483.506 469.25 488.595 474.383 488.595 480.719C488.595 487.055 483.506 492.187 477.233 492.188C470.959 492.188 465.869 487.055 465.869 480.719C465.869 474.383 470.959 469.25 477.233 469.25Z" fill="url(#paint23_linear_4_454)" stroke="black" stroke-width="0.5"/>
<path d="M444.007 470.812C450.28 470.813 455.369 475.945 455.369 482.281C455.369 488.617 450.28 493.75 444.007 493.75C437.733 493.75 432.644 488.617 432.644 482.281C432.644 475.945 437.733 470.812 444.007 470.812Z" fill="#655937" stroke="black" stroke-width="0.5"/>
<path d="M443.233 469.25C449.506 469.25 454.595 474.383 454.595 480.719C454.595 487.055 449.506 492.187 443.233 492.188C436.959 492.188 431.869 487.055 431.869 480.719C431.869 474.383 436.959 469.25 443.233 469.25Z" fill="url(#paint24_linear_4_454)" stroke="black" stroke-width="0.5"/>
<path d="M549.007 105.812C555.28 105.813 560.369 110.945 560.369 117.281C560.369 123.617 555.28 128.75 549.007 128.75C542.733 128.75 537.644 123.617 537.644 117.281C537.644 110.945 542.733 105.812 549.007 105.812Z" fill="#655937" stroke="black" stroke-width="0.5"/>
<path d="M548.233 104.25C554.506 104.25 559.595 109.383 559.595 115.719C559.595 122.055 554.506 127.187 548.233 127.188C541.959 127.188 536.869 122.055 536.869 115.719C536.869 109.383 541.959 104.25 548.233 104.25Z" fill="url(#paint25_linear_4_454)" stroke="black" stroke-width="0.5"/>
<path d="M515.007 105.812C521.28 105.813 526.369 110.945 526.369 117.281C526.369 123.617 521.28 128.75 515.007 128.75C508.733 128.75 503.644 123.617 503.644 117.281C503.644 110.945 508.733 105.812 515.007 105.812Z" fill="#655937" stroke="black" stroke-width="0.5"/>
<path d="M514.233 104.25C520.506 104.25 525.595 109.383 525.595 115.719C525.595 122.055 520.506 127.187 514.233 127.188C507.959 127.188 502.869 122.055 502.869 115.719C502.869 109.383 507.959 104.25 514.233 104.25Z" fill="url(#paint26_linear_4_454)" stroke="black" stroke-width="0.5"/>
<path d="M645.619 117C645.619 117 578.462 117 495.619 117C412.777 117 345.619 117 345.619 117C345.619 117 372.374 19 495.619 19C629.391 19 645.619 117 645.619 117Z" fill="url(#paint27_linear_4_454)"/>
<path d="M481.007 105.812C487.28 105.813 492.369 110.945 492.369 117.281C492.369 123.617 487.28 128.75 481.007 128.75C474.733 128.75 469.644 123.617 469.644 117.281C469.644 110.945 474.733 105.812 481.007 105.812Z" fill="#655937" stroke="black" stroke-width="0.5"/>
<path d="M480.233 104.25C486.506 104.25 491.595 109.383 491.595 115.719C491.595 122.055 486.506 127.187 480.233 127.188C473.959 127.188 468.869 122.055 468.869 115.719C468.869 109.383 473.959 104.25 480.233 104.25Z" fill="url(#paint28_linear_4_454)" stroke="black" stroke-width="0.5"/>
<path d="M852.635 361.463C852.635 361.463 853.314 315.093 854.151 257.893C854.989 200.694 855.667 154.324 855.667 154.324C855.667 154.324 960.381 174.334 959.135 259.43C957.783 351.795 852.635 361.463 852.635 361.463Z" fill="url(#paint29_linear_4_454)"/>
<path d="M139.636 363.139C139.636 363.139 138.957 316.77 138.12 259.57C137.282 202.37 136.604 156 136.604 156C136.604 156 31.8898 176.01 33.1355 261.107C34.4876 353.471 139.636 363.139 139.636 363.139Z" fill="url(#paint30_linear_4_454)"/>
<path d="M447.007 105.812C453.28 105.813 458.369 110.945 458.369 117.281C458.369 123.617 453.28 128.75 447.007 128.75C440.733 128.75 435.644 123.617 435.644 117.281C435.644 110.945 440.733 105.812 447.007 105.812Z" fill="#655937" stroke="black" stroke-width="0.5"/>
<path d="M446.233 104.25C452.506 104.25 457.595 109.383 457.595 115.719C457.595 122.055 452.506 127.187 446.233 127.188C439.959 127.188 434.869 122.055 434.869 115.719C434.869 109.383 439.959 104.25 446.233 104.25Z" fill="url(#paint31_linear_4_454)" stroke="black" stroke-width="0.5"/>
<path d="M413.007 105.812C419.28 105.813 424.369 110.945 424.369 117.281C424.369 123.617 419.28 128.75 413.007 128.75C406.733 128.75 401.644 123.617 401.644 117.281C401.644 110.945 406.733 105.812 413.007 105.812Z" fill="#655937" stroke="black" stroke-width="0.5"/>
<path d="M412.233 104.25C418.506 104.25 423.595 109.383 423.595 115.719C423.595 122.055 418.506 127.187 412.233 127.188C405.959 127.188 400.869 122.055 400.869 115.719C400.869 109.383 405.959 104.25 412.233 104.25Z" fill="url(#paint32_linear_4_454)" stroke="black" stroke-width="0.5"/>
<path d="M379.007 105.812C385.28 105.813 390.369 110.945 390.369 117.281C390.369 123.617 385.28 128.75 379.007 128.75C372.733 128.75 367.644 123.617 367.644 117.281C367.644 110.945 372.733 105.812 379.007 105.812Z" fill="#655937" stroke="black" stroke-width="0.5"/>
<path d="M378.233 104.25C384.506 104.25 389.595 109.383 389.595 115.719C389.595 122.055 384.506 127.187 378.233 127.188C371.959 127.188 366.869 122.055 366.869 115.719C366.869 109.383 371.959 104.25 378.233 104.25Z" fill="url(#paint33_linear_4_454)" stroke="black" stroke-width="0.5"/>
<path d="M345.007 105.812C351.28 105.813 356.369 110.945 356.369 117.281C356.369 123.617 351.28 128.75 345.007 128.75C338.733 128.75 333.644 123.617 333.644 117.281C333.644 110.945 338.733 105.812 345.007 105.812Z" fill="#655937" stroke="black" stroke-width="0.5"/>
<path d="M344.233 104.25C350.506 104.25 355.595 109.383 355.595 115.719C355.595 122.055 350.506 127.187 344.233 127.188C337.959 127.188 332.869 122.055 332.869 115.719C332.869 109.383 337.959 104.25 344.233 104.25Z" fill="url(#paint34_linear_4_454)" stroke="black" stroke-width="0.5"/>
<path d="M355.007 68.8125C361.28 68.8127 366.369 73.9452 366.369 80.2812C366.369 86.6173 361.28 91.7498 355.007 91.75C348.733 91.75 343.644 86.6174 343.644 80.2812C343.644 73.9451 348.733 68.8125 355.007 68.8125Z" fill="#655937" stroke="black" stroke-width="0.5"/>
<path d="M354.233 66.25C360.506 66.2502 365.595 71.3827 365.595 77.7188C365.595 84.0548 360.506 89.1873 354.233 89.1875C347.959 89.1875 342.869 84.0549 342.869 77.7188C342.869 71.3826 347.959 66.25 354.233 66.25Z" fill="url(#paint35_linear_4_454)" stroke="black" stroke-width="0.5"/>
<path d="M384.007 37.8125C390.28 37.8127 395.369 42.9452 395.369 49.2812C395.369 55.6173 390.28 60.7498 384.007 60.75C377.733 60.75 372.644 55.6174 372.644 49.2812C372.644 42.9451 377.733 37.8125 384.007 37.8125Z" fill="#655937" stroke="black" stroke-width="0.5"/>
<path d="M383.233 35.25C389.506 35.2502 394.595 40.3827 394.595 46.7188C394.595 53.0548 389.506 58.1873 383.233 58.1875C376.959 58.1875 371.869 53.0549 371.869 46.7188C371.869 40.3826 376.959 35.25 383.233 35.25Z" fill="url(#paint36_linear_4_454)" stroke="black" stroke-width="0.5"/>
<path d="M423.007 18.8125C429.28 18.8127 434.369 23.9452 434.369 30.2812C434.369 36.6173 429.28 41.7498 423.007 41.75C416.733 41.75 411.644 36.6174 411.644 30.2812C411.644 23.9451 416.733 18.8125 423.007 18.8125Z" fill="#655937" stroke="black" stroke-width="0.5"/>
<path d="M422.233 16.25C428.506 16.2502 433.595 21.3827 433.595 27.7188C433.595 34.0548 428.506 39.1873 422.233 39.1875C415.959 39.1875 410.869 34.0549 410.869 27.7188C410.869 21.3826 415.959 16.25 422.233 16.25Z" fill="url(#paint37_linear_4_454)" stroke="black" stroke-width="0.5"/>
<path d="M465.007 6.8125C471.28 6.81271 476.369 11.9452 476.369 18.2812C476.369 24.6173 471.28 29.7498 465.007 29.75C458.733 29.75 453.644 24.6174 453.644 18.2812C453.644 11.9451 458.733 6.8125 465.007 6.8125Z" fill="#655937" stroke="black" stroke-width="0.5"/>
<path d="M464.233 4.25C470.506 4.25021 475.595 9.38272 475.595 15.7188C475.595 22.0548 470.506 27.1873 464.233 27.1875C457.959 27.1875 452.869 22.0549 452.869 15.7188C452.869 9.38259 457.959 4.25 464.233 4.25Z" fill="url(#paint38_linear_4_454)" stroke="black" stroke-width="0.5"/>
<path d="M507.007 4.8125C513.28 4.81271 518.369 9.94522 518.369 16.2812C518.369 22.6173 513.28 27.7498 507.007 27.75C500.733 27.75 495.644 22.6174 495.644 16.2812C495.644 9.94509 500.733 4.8125 507.007 4.8125Z" fill="#655937" stroke="black" stroke-width="0.5"/>
<path d="M506.233 2.25C512.506 2.25021 517.595 7.38272 517.595 13.7188C517.595 20.0548 512.506 25.1873 506.233 25.1875C499.959 25.1875 494.869 20.0549 494.869 13.7188C494.869 7.38259 499.959 2.25 506.233 2.25Z" fill="url(#paint39_linear_4_454)" stroke="black" stroke-width="0.5"/>
<path d="M548.007 8.8125C554.28 8.81271 559.369 13.9452 559.369 20.2812C559.369 26.6173 554.28 31.7498 548.007 31.75C541.733 31.75 536.644 26.6174 536.644 20.2812C536.644 13.9451 541.733 8.8125 548.007 8.8125Z" fill="#655937" stroke="black" stroke-width="0.5"/>
<path d="M547.233 6.25C553.506 6.25021 558.595 11.3827 558.595 17.7188C558.595 24.0548 553.506 29.1873 547.233 29.1875C540.959 29.1875 535.869 24.0549 535.869 17.7188C535.869 11.3826 540.959 6.25 547.233 6.25Z" fill="url(#paint40_linear_4_454)" stroke="black" stroke-width="0.5"/>
<path d="M585.007 22.8125C591.28 22.8127 596.369 27.9452 596.369 34.2812C596.369 40.6173 591.28 45.7498 585.007 45.75C578.733 45.75 573.644 40.6174 573.644 34.2812C573.644 27.9451 578.733 22.8125 585.007 22.8125Z" fill="#655937" stroke="black" stroke-width="0.5"/>
<path d="M584.233 20.25C590.506 20.2502 595.595 25.3827 595.595 31.7188C595.595 38.0548 590.506 43.1873 584.233 43.1875C577.959 43.1875 572.869 38.0549 572.869 31.7188C572.869 25.3826 577.959 20.25 584.233 20.25Z" fill="url(#paint41_linear_4_454)" stroke="black" stroke-width="0.5"/>
<path d="M622.007 43.8125C628.28 43.8127 633.369 48.9452 633.369 55.2812C633.369 61.6173 628.28 66.7498 622.007 66.75C615.733 66.75 610.644 61.6174 610.644 55.2812C610.644 48.9451 615.733 43.8125 622.007 43.8125Z" fill="#655937" stroke="black" stroke-width="0.5"/>
<path d="M621.233 41.25C627.506 41.2502 632.595 46.3827 632.595 52.7188C632.595 59.0548 627.506 64.1873 621.233 64.1875C614.959 64.1875 609.869 59.0549 609.869 52.7188C609.869 46.3826 614.959 41.25 621.233 41.25Z" fill="url(#paint42_linear_4_454)" stroke="black" stroke-width="0.5"/>
<path d="M646.007 70.8125C652.28 70.8127 657.369 75.9452 657.369 82.2812C657.369 88.6173 652.28 93.7498 646.007 93.75C639.733 93.75 634.644 88.6174 634.644 82.2812C634.644 75.9451 639.733 70.8125 646.007 70.8125Z" fill="#655937" stroke="black" stroke-width="0.5"/>
<path d="M645.233 68.25C651.506 68.2502 656.595 73.3827 656.595 79.7188C656.595 86.0548 651.506 91.1873 645.233 91.1875C638.959 91.1875 633.869 86.0549 633.869 79.7188C633.869 73.3826 638.959 68.25 645.233 68.25Z" fill="url(#paint43_linear_4_454)" stroke="black" stroke-width="0.5"/>
<path d="M311.007 105.812C317.28 105.813 322.369 110.945 322.369 117.281C322.369 123.617 317.28 128.75 311.007 128.75C304.733 128.75 299.644 123.617 299.644 117.281C299.644 110.945 304.733 105.812 311.007 105.812Z" fill="#655937" stroke="black" stroke-width="0.5"/>
<path d="M310.233 104.25C316.506 104.25 321.595 109.383 321.595 115.719C321.595 122.055 316.506 127.187 310.233 127.188C303.959 127.188 298.869 122.055 298.869 115.719C298.869 109.383 303.959 104.25 310.233 104.25Z" fill="url(#paint44_linear_4_454)" stroke="black" stroke-width="0.5"/>
<path d="M277.007 105.812C283.28 105.813 288.369 110.945 288.369 117.281C288.369 123.617 283.28 128.75 277.007 128.75C270.733 128.75 265.644 123.617 265.644 117.281C265.644 110.945 270.733 105.812 277.007 105.812Z" fill="#655937" stroke="black" stroke-width="0.5"/>
<path d="M276.233 104.25C282.506 104.25 287.595 109.383 287.595 115.719C287.595 122.055 282.506 127.187 276.233 127.188C269.959 127.188 264.869 122.055 264.869 115.719C264.869 109.383 269.959 104.25 276.233 104.25Z" fill="url(#paint45_linear_4_454)" stroke="black" stroke-width="0.5"/>
<path d="M243.007 105.812C249.28 105.813 254.369 110.945 254.369 117.281C254.369 123.617 249.28 128.75 243.007 128.75C236.733 128.75 231.644 123.617 231.644 117.281C231.644 110.945 236.733 105.812 243.007 105.812Z" fill="#655937" stroke="black" stroke-width="0.5"/>
<path d="M242.233 104.25C248.506 104.25 253.595 109.383 253.595 115.719C253.595 122.055 248.506 127.187 242.233 127.188C235.959 127.188 230.869 122.055 230.869 115.719C230.869 109.383 235.959 104.25 242.233 104.25Z" fill="url(#paint46_linear_4_454)" stroke="black" stroke-width="0.5"/>
<path d="M209.007 105.812C215.28 105.813 220.369 110.945 220.369 117.281C220.369 123.617 215.28 128.75 209.007 128.75C202.733 128.75 197.644 123.617 197.644 117.281C197.644 110.945 202.733 105.812 209.007 105.812Z" fill="#655937" stroke="black" stroke-width="0.5"/>
<path d="M208.233 104.25C214.506 104.25 219.595 109.383 219.595 115.719C219.595 122.055 214.506 127.187 208.233 127.188C201.959 127.188 196.869 122.055 196.869 115.719C196.869 109.383 201.959 104.25 208.233 104.25Z" fill="url(#paint47_linear_4_454)" stroke="black" stroke-width="0.5"/>
<path d="M175.007 105.812C181.28 105.813 186.369 110.945 186.369 117.281C186.369 123.617 181.28 128.75 175.007 128.75C168.733 128.75 163.644 123.617 163.644 117.281C163.644 110.945 168.733 105.812 175.007 105.812Z" fill="#655937" stroke="black" stroke-width="0.5"/>
<path d="M174.233 104.25C180.506 104.25 185.595 109.383 185.595 115.719C185.595 122.055 180.506 127.187 174.233 127.188C167.959 127.188 162.869 122.055 162.869 115.719C162.869 109.383 167.959 104.25 174.233 104.25Z" fill="url(#paint48_linear_4_454)" stroke="black" stroke-width="0.5"/>
<path d="M141.007 105.812C147.28 105.813 152.369 110.945 152.369 117.281C152.369 123.617 147.28 128.75 141.007 128.75C134.733 128.75 129.644 123.617 129.644 117.281C129.644 110.945 134.733 105.812 141.007 105.812Z" fill="#655937" stroke="black" stroke-width="0.5"/>
<path d="M140.233 104.25C146.506 104.25 151.595 109.383 151.595 115.719C151.595 122.055 146.506 127.187 140.233 127.188C133.959 127.188 128.869 122.055 128.869 115.719C128.869 109.383 133.959 104.25 140.233 104.25Z" fill="url(#paint49_linear_4_454)" stroke="black" stroke-width="0.5"/>
<path d="M856.007 105.812C862.28 105.813 867.369 110.945 867.369 117.281C867.369 123.617 862.28 128.75 856.007 128.75C849.733 128.75 844.644 123.617 844.644 117.281C844.644 110.945 849.733 105.812 856.007 105.812Z" fill="#655937" stroke="black" stroke-width="0.5"/>
<path d="M855.233 104.25C861.506 104.25 866.595 109.383 866.595 115.719C866.595 122.055 861.506 127.187 855.233 127.188C848.959 127.188 843.869 122.055 843.869 115.719C843.869 109.383 848.959 104.25 855.233 104.25Z" fill="url(#paint50_linear_4_454)" stroke="black" stroke-width="0.5"/>
<path d="M822.007 105.812C828.28 105.813 833.369 110.945 833.369 117.281C833.369 123.617 828.28 128.75 822.007 128.75C815.733 128.75 810.644 123.617 810.644 117.281C810.644 110.945 815.733 105.812 822.007 105.812Z" fill="#655937" stroke="black" stroke-width="0.5"/>
<path d="M821.233 104.25C827.506 104.25 832.595 109.383 832.595 115.719C832.595 122.055 827.506 127.187 821.233 127.188C814.959 127.188 809.869 122.055 809.869 115.719C809.869 109.383 814.959 104.25 821.233 104.25Z" fill="url(#paint51_linear_4_454)" stroke="black" stroke-width="0.5"/>
<path d="M788.007 105.812C794.28 105.813 799.369 110.945 799.369 117.281C799.369 123.617 794.28 128.75 788.007 128.75C781.733 128.75 776.644 123.617 776.644 117.281C776.644 110.945 781.733 105.812 788.007 105.812Z" fill="#655937" stroke="black" stroke-width="0.5"/>
<path d="M787.233 104.25C793.506 104.25 798.595 109.383 798.595 115.719C798.595 122.055 793.506 127.187 787.233 127.188C780.959 127.188 775.869 122.055 775.869 115.719C775.869 109.383 780.959 104.25 787.233 104.25Z" fill="url(#paint52_linear_4_454)" stroke="black" stroke-width="0.5"/>
<path d="M754.007 105.812C760.28 105.813 765.369 110.945 765.369 117.281C765.369 123.617 760.28 128.75 754.007 128.75C747.733 128.75 742.644 123.617 742.644 117.281C742.644 110.945 747.733 105.812 754.007 105.812Z" fill="#655937" stroke="black" stroke-width="0.5"/>
<path d="M753.233 104.25C759.506 104.25 764.595 109.383 764.595 115.719C764.595 122.055 759.506 127.187 753.233 127.188C746.959 127.188 741.869 122.055 741.869 115.719C741.869 109.383 746.959 104.25 753.233 104.25Z" fill="url(#paint53_linear_4_454)" stroke="black" stroke-width="0.5"/>
<path d="M720.007 105.812C726.28 105.813 731.369 110.945 731.369 117.281C731.369 123.617 726.28 128.75 720.007 128.75C713.733 128.75 708.644 123.617 708.644 117.281C708.644 110.945 713.733 105.812 720.007 105.812Z" fill="#655937" stroke="black" stroke-width="0.5"/>
<path d="M719.233 104.25C725.506 104.25 730.595 109.383 730.595 115.719C730.595 122.055 725.506 127.187 719.233 127.188C712.959 127.188 707.869 122.055 707.869 115.719C707.869 109.383 712.959 104.25 719.233 104.25Z" fill="url(#paint54_linear_4_454)" stroke="black" stroke-width="0.5"/>
<path d="M686.007 105.812C692.28 105.813 697.369 110.945 697.369 117.281C697.369 123.617 692.28 128.75 686.007 128.75C679.733 128.75 674.644 123.617 674.644 117.281C674.644 110.945 679.733 105.812 686.007 105.812Z" fill="#655937" stroke="black" stroke-width="0.5"/>
<path d="M685.233 104.25C691.506 104.25 696.595 109.383 696.595 115.719C696.595 122.055 691.506 127.187 685.233 127.188C678.959 127.188 673.869 122.055 673.869 115.719C673.869 109.383 678.959 104.25 685.233 104.25Z" fill="url(#paint55_linear_4_454)" stroke="black" stroke-width="0.5"/>
<path d="M652.007 105.812C658.28 105.813 663.369 110.945 663.369 117.281C663.369 123.617 658.28 128.75 652.007 128.75C645.733 128.75 640.644 123.617 640.644 117.281C640.644 110.945 645.733 105.812 652.007 105.812Z" fill="#655937" stroke="black" stroke-width="0.5"/>
<path d="M651.233 104.25C657.506 104.25 662.595 109.383 662.595 115.719C662.595 122.055 657.506 127.187 651.233 127.188C644.959 127.188 639.869 122.055 639.869 115.719C639.869 109.383 644.959 104.25 651.233 104.25Z" fill="url(#paint56_linear_4_454)" stroke="black" stroke-width="0.5"/>
<path d="M618.007 105.812C624.28 105.813 629.369 110.945 629.369 117.281C629.369 123.617 624.28 128.75 618.007 128.75C611.733 128.75 606.644 123.617 606.644 117.281C606.644 110.945 611.733 105.812 618.007 105.812Z" fill="#655937" stroke="black" stroke-width="0.5"/>
<path d="M617.233 104.25C623.506 104.25 628.595 109.383 628.595 115.719C628.595 122.055 623.506 127.187 617.233 127.188C610.959 127.188 605.869 122.055 605.869 115.719C605.869 109.383 610.959 104.25 617.233 104.25Z" fill="url(#paint57_linear_4_454)" stroke="black" stroke-width="0.5"/>
<path d="M584.007 105.812C590.28 105.813 595.369 110.945 595.369 117.281C595.369 123.617 590.28 128.75 584.007 128.75C577.733 128.75 572.644 123.617 572.644 117.281C572.644 110.945 577.733 105.812 584.007 105.812Z" fill="#655937" stroke="black" stroke-width="0.5"/>
<path d="M583.233 104.25C589.506 104.25 594.595 109.383 594.595 115.719C594.595 122.055 589.506 127.187 583.233 127.188C576.959 127.188 571.869 122.055 571.869 115.719C571.869 109.383 576.959 104.25 583.233 104.25Z" fill="url(#paint58_linear_4_454)" stroke="black" stroke-width="0.5"/>
<path d="M550.007 105.812C556.28 105.813 561.369 110.945 561.369 117.281C561.369 123.617 556.28 128.75 550.007 128.75C543.733 128.75 538.644 123.617 538.644 117.281C538.644 110.945 543.733 105.812 550.007 105.812Z" fill="#655937" stroke="black" stroke-width="0.5"/>
<path d="M549.233 104.25C555.506 104.25 560.595 109.383 560.595 115.719C560.595 122.055 555.506 127.187 549.233 127.188C542.959 127.188 537.869 122.055 537.869 115.719C537.869 109.383 542.959 104.25 549.233 104.25Z" fill="url(#paint59_linear_4_454)" stroke="black" stroke-width="0.5"/>
<path d="M516.007 105.812C522.28 105.813 527.369 110.945 527.369 117.281C527.369 123.617 522.28 128.75 516.007 128.75C509.733 128.75 504.644 123.617 504.644 117.281C504.644 110.945 509.733 105.812 516.007 105.812Z" fill="#655937" stroke="black" stroke-width="0.5"/>
